x,y
-1,69.9398
-0.959184,71.1350
-0.918367,52.3709
-0.877551,54.0942
-0.836735,43.6925
-0.795918,43.6032
-0.755102,34.1257
-0.714286,33.5227
-0.673469,27.7458
-0.632653,13.7747
-0.591837,2.21772
-0.551020,2.79335
-0.510204,1.14228
-0.469388,-7.04202
-0.428571,-3.89073
-0.387755,-10.0169
-0.346939,-9.18888
-0.306122,-14.7010
-0.265306,-19.9626
-0.224490,-13.2607
-0.183673,-26.0389
-0.142857,-26.4875
-0.102041,-22.7390
-0.061224,-26.5291
-0.020408,-27.3857
0.020408,-25.3754
0.061224,-19.8411
0.102041,-26.4183
0.142857,-8.38711
0.183673,-32.1271
0.224490,-21.0283
0.265306,-10.9675
0.306122,-14.5857
0.346939,-13.2261
0.387755,-6.43313
0.428571,-11.5679
0.469388,-0.75851
0.510204,-5.83899
0.551020,4.91249
0.591837,2.95053
0.632653,16.2303
0.673469,17.1370
0.714286,28.8904
0.755102,36.8209
0.795918,31.6615
0.836735,47.4525
0.877551,55.4024
0.918367,52.8406
0.959184,71.1662
1.000000,71.0695
