x,y
-1.000000,10.7259
-0.959184,14.7461
-0.918367,10.5635
-0.877551,14.3606
-0.836735,13.0969
-0.795918,15.7511
-0.755102,14.4472
-0.714286,16.4943
-0.673469,16.2773
-0.632653,12.5919
-0.591837,9.68567
-0.551020,11.4500
-0.510204,12.1454
-0.469388,10.0531
-0.428571,12.3249
-0.387755,10.7196
-0.346939,11.7339
-0.306122,10.0542
-0.265306,8.32084
-0.224490,11.2230
-0.183673,6.18750
-0.142857,5.94216
-0.102041,7.23812
-0.061224,5.38511
-0.020408,4.57615
0.020408,4.78858
0.061224,6.28942
0.102041,2.82844
0.142857,9.09778
0.183673,-1.45038
0.224490,1.83207
0.265306,4.59847
0.306122,1.79650
0.346939,0.892986
0.387755,2.07421
0.428571,-1.60018
0.469388,1.02263
0.510204,-2.78686
0.551020,-0.335844
0.591837,-3.03841
0.632653,0.291614
0.673469,-1.38767
0.714286,1.21577
0.755102,2.23817
0.795918,-2.02318
0.836735,2.05190
0.877551,2.95091
0.918367,-0.390326
0.959184,4.59190
1.000000,2.17781
