x,y
-1.000000,-17.0241
-0.959184,-12.9392
-0.918367,-16.9712
-0.877551,-12.9417
-0.836735,-13.8953
-0.795918,-10.8574
-0.755102,-11.7079
-0.714286,-9.14196
-0.673469,-8.77883
-0.632653,-11.8266
-0.591837,-14.0421
-0.551020,-11.5378
-0.510204,-10.0575
-0.469388,-11.3237
-0.428571,-8.18895
-0.387755,-8.89846
-0.346939,-6.9596
-0.306122,-7.69007
-0.265306,-8.45358
-0.224490,-4.56501
-0.183673,-8.60174
-0.142857,-7.83991
-0.102041,-5.53249
-0.061224,-6.37384
-0.020408,-6.17501
0.020408,-4.96275
0.061224,-2.47412
0.102041,-4.96342
0.142857,2.2574
0.183673,-7.36355
0.224490,-3.18225
0.265306,0.450567
0.306122,-1.5215
0.346939,-1.63571
0.387755,0.290138
0.428571,-2.68837
0.469388,0.577479
0.510204,-2.64588
0.551020,0.330259
0.591837,-1.91225
0.632653,1.80867
0.673469,0.447054
0.714286,3.29084
0.755102,4.4722
0.795918,0.284329
0.836735,4.34334
0.877551,5.13264
0.918367,1.58398
0.959184,6.25699
1.000000,3.42781
